1
634	1264
0.0	0.0	1.0
0.28173255684143	0.0	0.959492973614497
0.175657376042217	0.220267382574843	0.959492973614497
-0.062691391674255	0.274668933435062	0.959492973614497
-0.253832262788677	0.12223917519351	0.959492973614497
-0.253832262788677	-0.122239175193509	0.959492973614497
-0.062691391674255	-0.274668933435062	0.959492973614497
0.175657376042217	-0.220267382574843	0.959492973614497
0.540640817455598	0.0	0.841253532831181
0.468208682239333	0.270320408727799	0.841253532831181
0.270320408727799	0.468208682239333	0.841253532831181
0.0	0.540640817455598	0.841253532831181
-0.270320408727799	0.468208682239333	0.841253532831181
-0.468208682239333	0.270320408727799	0.841253532831181
-0.540640817455598	0.0	0.841253532831181
-0.468208682239333	-0.270320408727799	0.841253532831181
-0.270320408727799	-0.468208682239333	0.841253532831181
-0.0	-0.540640817455598	0.841253532831181
0.270320408727798	-0.468208682239333	0.841253532831181
0.468208682239333	-0.270320408727799	0.841253532831181
0.755749574354258	0.0	0.654860733945285
0.704715490469508	0.273008235459964	0.654860733945285
0.558505674633514	0.509145195930204	0.654860733945285
0.336866572651486	0.676519276419145	0.654860733945285
0.069731773390756	0.75252567990496	0.654860733945285
-0.20682068826349	0.726899320430869	0.654860733945285
-0.455440869934756	0.603101179844406	0.654860733945285
-0.642551238436353	0.397850883020953	0.654860733945285
-0.742881501687795	0.138868619877673	0.654860733945285
-0.742881501687795	-0.138868619877673	0.654860733945285
-0.642551238436353	-0.397850883020953	0.654860733945285
-0.455440869934756	-0.603101179844406	0.654860733945285
-0.20682068826349	-0.726899320430869	0.654860733945285
0.069731773390756	-0.75252567990496	0.654860733945285
0.336866572651486	-0.676519276419145	0.654860733945285
0.558505674633515	-0.509145195930204	0.654860733945285
0.704715490469508	-0.273008235459964	0.654860733945285
0.909631995354518	0.0	0.415415013001886
0.869219598033763	0.26811873744046	0.415415013001886
0.75157322492033	0.512413948439636	0.415415013001886
0.567146272547953	0.711178931428375	0.415415013001886
0.332325884979268	0.846752545402368	0.415415013001886
0.067976884142049	0.907088479805019	0.415415013001886
-0.202412161162833	0.886825622084767	0.415415013001886
-0.454815997677259	0.787764416072141	0.415415013001886
-0.66680743687093	0.618706884644307	0.415415013001886
-0.819550109062379	0.394674531365384	0.415415013001886
-0.899472157527221	0.135573613973993	0.415415013001886
-0.899472157527221	-0.135573613973993	0.415415013001886
-0.819550109062379	-0.394674531365384	0.415415013001886
-0.666807436870929	-0.618706884644307	0.415415013001886
-0.454815997677259	-0.787764416072142	0.415415013001886
-0.202412161162833	-0.886825622084767	0.415415013001886
0.067976884142049	-0.907088479805019	0.415415013001886
0.332325884979268	-0.846752545402368	0.415415013001886
0.567146272547953	-0.711178931428375	0.415415013001886
0.75157322492033	-0.512413948439636	0.415415013001886
0.869219598033763	-0.26811873744046	0.415415013001886
0.989821441880933	0.0	0.142314838273285
0.949726718617726	0.278864925637586	0.142314838273285
0.832690784854388	0.535137873473586	0.142314838273285
0.648195195904928	0.748057133388233	0.142314838273285
0.411186687148514	0.900373253222839	0.142314838273285
0.140866278420715	0.979746486807249	0.142314838273285
-0.140866278420715	0.979746486807249	0.142314838273285
-0.411186687148514	0.900373253222839	0.142314838273285
-0.648195195904928	0.748057133388233	0.142314838273285
-0.832690784854388	0.535137873473586	0.142314838273285
-0.949726718617726	0.278864925637586	0.142314838273285
-0.989821441880933	0.0	0.142314838273285
-0.949726718617726	-0.278864925637585	0.142314838273285
-0.832690784854388	-0.535137873473586	0.142314838273285
-0.648195195904928	-0.748057133388233	0.142314838273285
-0.411186687148514	-0.900373253222839	0.142314838273285
-0.140866278420715	-0.979746486807249	0.142314838273285
0.140866278420715	-0.979746486807249	0.142314838273285
0.411186687148513	-0.900373253222839	0.142314838273285
0.648195195904928	-0.748057133388233	0.142314838273285
0.832690784854388	-0.535137873473586	0.142314838273285
0.949726718617726	-0.278864925637586	0.142314838273285
0.989821441880933	0.0	-0.142314838273285
0.949726718617726	0.278864925637586	-0.142314838273285
0.832690784854388	0.535137873473586	-0.142314838273285
0.648195195904928	0.748057133388233	-0.142314838273285
0.411186687148514	0.900373253222839	-0.142314838273285
0.140866278420715	0.979746486807249	-0.142314838273285
-0.140866278420715	0.979746486807249	-0.142314838273285
-0.411186687148514	0.900373253222839	-0.142314838273285
-0.648195195904928	0.748057133388233	-0.142314838273285
-0.832690784854388	0.535137873473586	-0.142314838273285
-0.949726718617726	0.278864925637586	-0.142314838273285
-0.989821441880933	0.0	-0.142314838273285
-0.949726718617726	-0.278864925637586	-0.142314838273285
-0.832690784854388	-0.535137873473586	-0.142314838273285
-0.648195195904928	-0.748057133388233	-0.142314838273285
-0.411186687148514	-0.900373253222839	-0.142314838273285
-0.140866278420715	-0.979746486807249	-0.142314838273285
0.140866278420715	-0.979746486807249	-0.142314838273285
0.411186687148513	-0.90037325322284	-0.142314838273285
0.648195195904928	-0.748057133388233	-0.142314838273285
0.832690784854388	-0.535137873473586	-0.142314838273285
0.949726718617726	-0.278864925637586	-0.142314838273285
0.909631995354518	0.0	-0.415415013001886
0.869219598033763	0.26811873744046	-0.415415013001886
0.75157322492033	0.512413948439636	-0.415415013001886
0.567146272547953	0.711178931428375	-0.415415013001886
0.332325884979268	0.846752545402368	-0.415415013001886
0.067976884142049	0.907088479805019	-0.415415013001886
-0.202412161162833	0.886825622084767	-0.415415013001886
-0.454815997677259	0.787764416072141	-0.415415013001886
-0.66680743687093	0.618706884644307	-0.415415013001886
-0.819550109062379	0.394674531365384	-0.415415013001886
-0.899472157527221	0.135573613973993	-0.415415013001886
-0.899472157527221	-0.135573613973993	-0.415415013001886
-0.819550109062379	-0.394674531365384	-0.415415013001886
-0.66680743687093	-0.618706884644307	-0.415415013001886
-0.454815997677259	-0.787764416072142	-0.415415013001886
-0.202412161162833	-0.886825622084767	-0.415415013001886
0.067976884142049	-0.907088479805019	-0.415415013001886
0.332325884979268	-0.846752545402368	-0.415415013001886
0.567146272547953	-0.711178931428375	-0.415415013001886
0.75157322492033	-0.512413948439636	-0.415415013001886
0.869219598033763	-0.26811873744046	-0.415415013001886
0.755749574354258	0.0	-0.654860733945285
0.704715490469508	0.273008235459964	-0.654860733945285
0.558505674633515	0.509145195930204	-0.654860733945285
0.336866572651486	0.676519276419145	-0.654860733945285
0.069731773390756	0.75252567990496	-0.654860733945285
-0.20682068826349	0.726899320430869	-0.654860733945285
-0.455440869934756	0.603101179844407	-0.654860733945285
-0.642551238436353	0.397850883020953	-0.654860733945285
-0.742881501687795	0.138868619877673	-0.654860733945285
-0.742881501687795	-0.138868619877673	-0.654860733945285
-0.642551238436353	-0.397850883020953	-0.654860733945285
-0.455440869934756	-0.603101179844406	-0.654860733945285
-0.20682068826349	-0.726899320430869	-0.654860733945285
0.069731773390756	-0.75252567990496	-0.654860733945285
0.336866572651486	-0.676519276419145	-0.654860733945285
0.558505674633515	-0.509145195930204	-0.654860733945285
0.704715490469508	-0.273008235459964	-0.654860733945285
0.540640817455598	0.0	-0.841253532831181
0.468208682239333	0.270320408727799	-0.841253532831181
0.270320408727799	0.468208682239333	-0.841253532831181
0.0	0.540640817455598	-0.841253532831181
-0.270320408727799	0.468208682239333	-0.841253532831181
-0.468208682239333	0.270320408727799	-0.841253532831181
-0.540640817455598	0.0	-0.841253532831181
-0.468208682239333	-0.270320408727799	-0.841253532831181
-0.270320408727799	-0.468208682239333	-0.841253532831181
-0.0	-0.540640817455598	-0.841253532831181
0.270320408727799	-0.468208682239333	-0.841253532831181
0.468208682239333	-0.270320408727799	-0.841253532831181
0.28173255684143	0.0	-0.959492973614497
0.175657376042217	0.220267382574843	-0.959492973614497
-0.062691391674255	0.274668933435062	-0.959492973614497
-0.253832262788677	0.12223917519351	-0.959492973614497
-0.253832262788677	-0.122239175193509	-0.959492973614497
-0.062691391674255	-0.274668933435062	-0.959492973614497
0.175657376042217	-0.220267382574843	-0.959492973614497
0.0	0.0	-1.0
0.140866278420715	0.0	0.9797464868072485
0.0878286880211085	0.1101336912874215	0.9797464868072485
0.22869496644182352	0.1101336912874215	0.959492973614497
-0.0313456958371275	0.137334466717531	0.9797464868072485
0.05648299218398101	0.24746815800495248	0.959492973614497
-0.1269161313943385	0.061119587596755	0.9797464868072485
-0.15826182723146598	0.19845405431428598	0.959492973614497
-0.1269161313943385	-0.0611195875967545	0.9797464868072485
-0.253832262788677	4.996003610813204e-16	0.959492973614497
-0.0313456958371275	-0.137334466717531	0.9797464868072485
-0.15826182723146598	-0.1984540543142855	0.959492973614497
0.0878286880211085	-0.1101336912874215	0.9797464868072485
0.05648299218398101	-0.24746815800495248	0.959492973614497
0.22869496644182352	-0.1101336912874215	0.959492973614497
0.3581490967489075	0.1101336912874215	0.900373253222839
0.41118668714851403	0.0	0.900373253222839
0.321933029140775	0.24529389565132098	0.900373253222839
0.5044247498474654	0.1351602043638995	0.841253532831181
0.22298889238500802	0.344238032407088	0.900373253222839
0.369264545483566	0.369264545483566	0.841253532831181
0.10381450852677199	0.3714388078371975	0.900373253222839
-0.0313456958371275	0.40765487544532997	0.900373253222839
0.1351602043638995	0.5044247498474654	0.841253532831181
-0.166505900201027	0.3714388078371975	0.900373253222839
-0.1351602043638995	0.5044247498474654	0.841253532831181
-0.26207633575823797	0.2952239287164215	0.900373253222839
-0.361020472514005	0.1962797919606545	0.900373253222839
-0.369264545483566	0.369264545483566	0.841253532831181
-0.361020472514005	0.07404061676714499	0.900373253222839
-0.3972365401221375	-0.0611195875967545	0.900373253222839
-0.5044247498474654	0.1351602043638995	0.841253532831181
-0.361020472514005	-0.196279791960654	0.900373253222839
-0.5044247498474654	-0.1351602043638995	0.841253532831181
-0.265450036956794	-0.2724946710814305	0.900373253222839
-0.166505900201027	-0.3714388078371975	0.900373253222839
-0.369264545483566	-0.369264545483566	0.841253532831181
-0.0313456958371275	-0.40765487544532997	0.900373253222839
-0.1351602043638995	-0.5044247498474654	0.841253532831181
0.0878286880211085	-0.3804541000152205	0.900373253222839
0.22298889238500752	-0.344238032407088	0.900373253222839
0.135160204363899	-0.5044247498474654	0.841253532831181
0.321933029140775	-0.24529389565132098	0.900373253222839
0.36926454548356547	-0.369264545483566	0.841253532831181
0.37497061954038147	-0.1351602043638995	0.900373253222839
0.5044247498474654	-0.1351602043638995	0.841253532831181
0.6119791282967955	0.1351602043638995	0.748057133388233
0.648195195904928	0.0	0.748057133388233
0.5864620863544205	0.27166432209388147	0.748057133388233
0.730232532411883	0.136504117729982	0.654860733945285
0.5133571784364235	0.38973280232900154	0.748057133388233
0.631610582551511	0.391076715695084	0.654860733945285
0.4144130416806565	0.4886769390847685	0.748057133388233
0.3035934906896425	0.572363979329239	0.748057133388233
0.4476861236425	0.5928322361746745	0.654860733945285
0.168433286325743	0.6085800469373714	0.748057133388233
0.034865886695378	0.6465832486802789	0.748057133388233
0.203299173021121	0.7145224781620525	0.654860733945285
-0.1002943176685215	0.6103671810721465	0.748057133388233
-0.23857054849564452	0.5975540013351011	0.748057133388233
-0.068544457436367	0.7397125001679146	0.654860733945285
-0.3628806393312775	0.5356549310418695	0.748057133388233
-0.33113077909912303	0.6650002501376375	0.654860733945285
-0.46182477608704453	0.4367107942861025	0.748057133388233
-0.555379960337843	0.334085645874376	0.748057133388233
-0.5489960541855545	0.5004760314326795	0.654860733945285
-0.5915960279459755	0.1989254415104765	0.748057133388233
-0.6417611595716965	0.0694343099388365	0.748057133388233
-0.692716370062074	0.268359751449313	0.654860733945285
-0.6417611595716965	-0.0694343099388365	0.748057133388233
-0.742881501687795	0.0	0.654860733945285
-0.605545091963564	-0.204594514302736	0.748057133388233
-0.555379960337843	-0.334085645874376	0.748057133388233
-0.692716370062074	-0.268359751449313	0.654860733945285
-0.456435823582076	-0.433029782630143	0.748057133388233
-0.3628806393312775	-0.5356549310418695	0.748057133388233
-0.5489960541855545	-0.5004760314326795	0.654860733945285
-0.23857054849564452	-0.5975540013351011	0.748057133388233
-0.33113077909912303	-0.6650002501376375	0.654860733945285
-0.103410344131745	-0.6337700689432335	0.748057133388233
0.034865886695378	-0.6465832486802789	0.748057133388233
-0.06854445743636702	-0.7397125001679146	0.654860733945285
0.17002609105927702	-0.6103671810721465	0.748057133388233
0.30359349068964203	-0.572363979329239	0.748057133388233
0.203299173021121	-0.7145224781620525	0.654860733945285
0.4025376274454095	-0.473419842573472	0.748057133388233
0.5133571784364239	-0.38973280232900154	0.748057133388233
0.4476861236425005	-0.5928322361746745	0.654860733945285
0.5864620863544205	-0.27166432209388147	0.748057133388233
0.6316105825515115	-0.391076715695084	0.654860733945285
0.622678153962553	-0.136504117729982	0.748057133388233
0.730232532411883	-0.136504117729982	0.654860733945285
0.8071737429120129	0.136504117729982	0.5351378734735854
0.8326907848543881	0.0	0.5351378734735854
0.7869675442516355	0.270563486450212	0.5351378734735854
0.8894257966941406	0.13405936872023	0.415415013001886
0.7138626363336384	0.388631966685332	0.5351378734735854
0.655039449776922	0.51077957218492	0.5351378734735854
0.8103964114770466	0.39026634294004797	0.415415013001886
0.5628259735907335	0.6101620636792895	0.5351378734735854
0.6593597487341415	0.6117964399340055	0.415415013001886
0.4520064225997195	0.69384910392376	0.5351378734735854
0.334596228815377	0.7616359109107564	0.5351378734735854
0.44973607876361055	0.7789657384153714	0.415415013001886
0.201028829185012	0.7996391126536639	0.5351378734735854
0.06885432876640249	0.8298070798549895	0.5351378734735854
0.2001513845606585	0.8769205126036935	0.415415013001886
-0.06942190206072052	0.816993900117944	0.5351378734735854
-0.2046164247131615	0.8068624712578181	0.5351378734735854
-0.067217638510392	0.896957050944893	0.415415013001886
-0.3289265155487945	0.7449634009645865	0.5351378734735854
-0.45512843380600754	0.6954327979582735	0.5351378734735854
-0.328614079420046	0.837295019078454	0.415415013001886
-0.561124153402843	0.6109040322443565	0.5351378734735854
-0.5608117172740945	0.703235650358224	0.415415013001886
-0.6546793376536415	0.50827888383263	0.5351378734735854
-0.731050673749366	0.3962627071931685	0.5351378734735854
-0.7431787729666546	0.5066907080048455	0.415415013001886
-0.7812158053750871	0.2667715756215285	0.5351378734735854
-0.8211768296075079	0.137221116925833	0.5351378734735854
-0.8595111332948	0.2651240726696885	0.415415013001886
-0.8211768296075079	-0.0016475029518399908	0.5351378734735854
-0.8211768296075079	-0.137221116925833	0.5351378734735854
-0.899472157527221	0.0	0.415415013001886
-0.7710116979817869	-0.266712248497473	0.5351378734735854
-0.731050673749366	-0.3962627071931685	0.5351378734735854
-0.8595111332948	-0.2651240726696885	0.415415013001886
-0.6374954894985675	-0.498887855604895	0.5351378734735854
-0.5611241534028425	-0.6109040322443565	0.5351378734735854
-0.743178772966654	-0.5066907080048455	0.415415013001886
-0.45512843380600754	-0.695432797958274	0.5351378734735854
-0.5608117172740941	-0.7032356503582244	0.415415013001886
-0.3308183429703745	-0.7573318682515056	0.5351378734735854
-0.2046164247131615	-0.8068624712578181	0.5351378734735854
-0.328614079420046	-0.8372950190784545	0.415415013001886
-0.06634019388603851	-0.8196756509948635	0.5351378734735854
0.06885432876640249	-0.8298070798549895	0.5351378734735854
-0.067217638510392	-0.896957050944893	0.415415013001886
0.2024217283967675	-0.791803878112082	0.5351378734735854
0.334596228815377	-0.7616359109107564	0.5351378734735854
0.2001513845606585	-0.8769205126036935	0.415415013001886
0.44541577980639147	-0.677948870666286	0.5351378734735854
0.5628259735907339	-0.6101620636792895	0.5351378734735854
0.44973607876361055	-0.7789657384153714	0.415415013001886
0.6550394497769225	-0.51077957218492	0.5351378734735854
0.6593597487341415	-0.6117964399340055	0.415415013001886
0.7281443576949189	-0.3927110919498	0.5351378734735854
0.7869675442516355	-0.270563486450212	0.5351378734735854
0.8103964114770466	-0.39026634294004797	0.415415013001886
0.8124845861940105	-0.13405936872023	0.5351378734735854
0.8894257966941406	-0.13405936872023	0.415415013001886
0.929520519957348	0.13405936872023	0.27886492563758547
0.9497267186177255	0.0	0.27886492563758547
0.9094731583257445	0.273491831539023	0.27886492563758547
0.9697740802493295	0.139432462818793	0.142314838273285
0.8506499717690279	0.395639437038611	0.27886492563758547
0.792132004887359	0.5237759109566109	0.27886492563758547
0.891208751736057	0.407001399555586	0.142314838273285
0.6999185287011704	0.6231584024509804	0.27886492563758547
0.6076707342264405	0.7296180324083039	0.27886492563758547
0.740442990379658	0.6415975034309095	0.142314838273285
0.490260540442098	0.7974048393953005	0.27886492563758547
0.371756286063891	0.8735628993126034	0.27886492563758547
0.529690941526721	0.8242151933055359	0.142314838273285
0.2395817856452815	0.903730866513929	0.27886492563758547
0.104421581281382	0.943417483306134	0.27886492563758547
0.2760264827846145	0.940059870015044	0.142314838273285
-0.030772941371058987	0.933286054446008	0.27886492563758547
-0.171639219791774	0.933286054446008	0.27886492563758547
0.0	0.979746486807249	0.142314838273285
-0.29784113804898704	0.883755451439695	0.27886492563758547
-0.43300134241288646	0.84406883464749	0.27886492563758547
-0.2760264827846145	0.940059870015044	0.142314838273285
-0.538997062009722	0.759540068933573	0.27886492563758547
-0.6575013163879291	0.68338200901627	0.27886492563758547
-0.529690941526721	0.8242151933055359	0.142314838273285
-0.7338726524836535	0.5713658323768085	0.27886492563758547
-0.8261204469583835	0.464906202419485	0.27886492563758547
-0.740442990379658	0.6415975034309095	0.142314838273285
-0.8660814711908045	0.3353557437237895	0.27886492563758547
-0.9245994380724735	0.20721926980578953	0.27886492563758547
-0.891208751736057	0.407001399555586	0.142314838273285
-0.9245994380724735	0.0716456558317965	0.27886492563758547
-0.9446467997040771	-0.0677868069869965	0.27886492563758547
-0.9697740802493295	0.139432462818793	0.142314838273285
-0.9245994380724735	-0.20721926980578903	0.27886492563758547
-0.9697740802493295	-0.1394324628187925	0.142314838273285
-0.8846384138400525	-0.3367697285014845	0.27886492563758547
-0.8261204469583835	-0.464906202419485	0.27886492563758547
-0.891208751736057	-0.4070013995555855	0.142314838273285
-0.7497491108626585	-0.5769223790589465	0.27886492563758547
-0.6575013163879285	-0.68338200901627	0.27886492563758547
-0.740442990379658	-0.6415975034309095	0.142314838273285
-0.5515055967910936	-0.7679107747301874	0.27886492563758547
-0.43300134241288646	-0.8440688346474905	0.27886492563758547
-0.529690941526721	-0.8242151933055359	0.142314838273285
-0.3067994241556735	-0.893599437653803	0.27886492563758547
-0.171639219791774	-0.933286054446008	0.27886492563758547
-0.2760264827846145	-0.940059870015044	0.142314838273285
-0.036444697139333	-0.943417483306134	0.27886492563758547
0.104421581281382	-0.943417483306134	0.27886492563758547
0.0	-0.979746486807249	0.142314838273285
0.23659608169999152	-0.9132495161048084	0.27886492563758547
0.3717562860638905	-0.8735628993126034	0.27886492563758547
0.276026482784614	-0.940059870015044	0.142314838273285
0.489166479848233	-0.805776092325607	0.27886492563758547
0.6076707342264405	-0.7296180324083039	0.27886492563758547
0.5296909415267205	-0.8242151933055359	0.142314838273285
0.699884210412629	-0.6302355409139344	0.27886492563758547
0.792132004887359	-0.5237759109566109	0.27886492563758547
0.740442990379658	-0.6415975034309095	0.142314838273285
0.8509551914440755	-0.401628305457023	0.27886492563758547
0.9094731583257445	-0.273491831539023	0.27886492563758547
0.891208751736057	-0.407001399555586	0.142314838273285
0.9296793569861219	-0.139432462818793	0.27886492563758547
0.9697740802493295	-0.139432462818793	0.142314838273285
0.9697740802493295	0.139432462818793	-0.142314838273285
0.989821441880933	0.0	0.0
0.9697740802493295	0.139432462818793	0.0
0.949726718617726	0.278864925637586	0.0
0.891208751736057	0.407001399555586	-0.142314838273285
0.891208751736057	0.407001399555586	0.0
0.832690784854388	0.535137873473586	0.0
0.740442990379658	0.6415975034309095	-0.142314838273285
0.740442990379658	0.6415975034309095	0.0
0.648195195904928	0.748057133388233	0.0
0.529690941526721	0.8242151933055359	-0.142314838273285
0.529690941526721	0.8242151933055359	0.0
0.411186687148514	0.900373253222839	0.0
0.2760264827846145	0.940059870015044	-0.142314838273285
0.2760264827846145	0.940059870015044	0.0
0.140866278420715	0.979746486807249	0.0
0.0	0.979746486807249	-0.142314838273285
0.0	0.979746486807249	0.0
-0.140866278420715	0.979746486807249	0.0
-0.2760264827846145	0.940059870015044	-0.142314838273285
-0.2760264827846145	0.940059870015044	0.0
-0.411186687148514	0.900373253222839	0.0
-0.529690941526721	0.8242151933055359	-0.142314838273285
-0.529690941526721	0.8242151933055359	0.0
-0.648195195904928	0.748057133388233	0.0
-0.740442990379658	0.6415975034309095	-0.142314838273285
-0.740442990379658	0.6415975034309095	0.0
-0.832690784854388	0.535137873473586	0.0
-0.891208751736057	0.407001399555586	-0.142314838273285
-0.891208751736057	0.407001399555586	0.0
-0.949726718617726	0.278864925637586	0.0
-0.9697740802493295	0.139432462818793	-0.142314838273285
-0.9697740802493295	0.139432462818793	0.0
-0.989821441880933	0.0	0.0
-0.9697740802493295	-0.139432462818793	-0.142314838273285
-0.9697740802493295	-0.139432462818793	0.0
-0.949726718617726	-0.2788649256375855	0.0
-0.891208751736057	-0.407001399555586	-0.142314838273285
-0.891208751736057	-0.4070013995555855	0.0
-0.832690784854388	-0.535137873473586	0.0
-0.740442990379658	-0.6415975034309095	-0.142314838273285
-0.740442990379658	-0.6415975034309095	0.0
-0.648195195904928	-0.748057133388233	0.0
-0.529690941526721	-0.8242151933055359	-0.142314838273285
-0.529690941526721	-0.8242151933055359	0.0
-0.411186687148514	-0.900373253222839	0.0
-0.2760264827846145	-0.940059870015044	-0.142314838273285
-0.2760264827846145	-0.940059870015044	0.0
-0.140866278420715	-0.979746486807249	0.0
0.0	-0.979746486807249	-0.142314838273285
0.0	-0.979746486807249	0.0
0.140866278420715	-0.979746486807249	0.0
0.276026482784614	-0.9400598700150444	-0.142314838273285
0.276026482784614	-0.9400598700150444	0.0
0.411186687148513	-0.9003732532228395	0.0
0.5296909415267205	-0.8242151933055365	-0.142314838273285
0.5296909415267205	-0.8242151933055359	0.0
0.648195195904928	-0.748057133388233	0.0
0.740442990379658	-0.6415975034309095	-0.142314838273285
0.740442990379658	-0.6415975034309095	0.0
0.832690784854388	-0.535137873473586	0.0
0.891208751736057	-0.407001399555586	-0.142314838273285
0.891208751736057	-0.407001399555586	0.0
0.949726718617726	-0.278864925637586	0.0
0.9697740802493295	-0.139432462818793	-0.142314838273285
0.9697740802493295	-0.139432462818793	0.0
0.8894257966941406	0.13405936872023	-0.415415013001886
0.9497267186177255	0.0	-0.27886492563758547
0.929520519957348	0.13405936872023	-0.27886492563758547
0.9094731583257445	0.273491831539023	-0.27886492563758547
0.8103964114770466	0.39026634294004797	-0.415415013001886
0.8506499717690279	0.395639437038611	-0.27886492563758547
0.792132004887359	0.5237759109566109	-0.27886492563758547
0.6593597487341415	0.6117964399340055	-0.415415013001886
0.6999185287011704	0.6231584024509804	-0.27886492563758547
0.6076707342264405	0.7296180324083039	-0.27886492563758547
0.44973607876361055	0.7789657384153714	-0.415415013001886
0.490260540442098	0.7974048393953005	-0.27886492563758547
0.371756286063891	0.8735628993126034	-0.27886492563758547
0.2001513845606585	0.8769205126036935	-0.415415013001886
0.2395817856452815	0.903730866513929	-0.27886492563758547
0.104421581281382	0.943417483306134	-0.27886492563758547
-0.067217638510392	0.896957050944893	-0.415415013001886
-0.030772941371059015	0.933286054446008	-0.27886492563758547
-0.171639219791774	0.933286054446008	-0.27886492563758547
-0.328614079420046	0.837295019078454	-0.415415013001886
-0.297841138048987	0.883755451439695	-0.27886492563758547
-0.43300134241288646	0.84406883464749	-0.27886492563758547
-0.5608117172740945	0.703235650358224	-0.415415013001886
-0.538997062009722	0.759540068933573	-0.27886492563758547
-0.6575013163879291	0.68338200901627	-0.27886492563758547
-0.7431787729666546	0.5066907080048455	-0.415415013001886
-0.7338726524836535	0.5713658323768085	-0.27886492563758547
-0.8261204469583835	0.464906202419485	-0.27886492563758547
-0.8595111332948	0.2651240726696885	-0.415415013001886
-0.8660814711908045	0.3353557437237895	-0.27886492563758547
-0.9245994380724735	0.20721926980578953	-0.27886492563758547
-0.899472157527221	0.0	-0.415415013001886
-0.9245994380724735	0.07164565583179652	-0.27886492563758547
-0.9446467997040771	-0.0677868069869965	-0.27886492563758547
-0.9245994380724735	-0.20721926980578953	-0.27886492563758547
-0.8595111332948	-0.2651240726696885	-0.415415013001886
-0.8846384138400525	-0.336769728501485	-0.27886492563758547
-0.8261204469583835	-0.464906202419485	-0.27886492563758547
-0.7431787729666546	-0.5066907080048455	-0.415415013001886
-0.749749110862659	-0.5769223790589465	-0.27886492563758547
-0.6575013163879291	-0.68338200901627	-0.27886492563758547
-0.5608117172740945	-0.7032356503582244	-0.415415013001886
-0.5515055967910936	-0.7679107747301874	-0.27886492563758547
-0.43300134241288646	-0.8440688346474905	-0.27886492563758547
-0.328614079420046	-0.8372950190784545	-0.415415013001886
-0.3067994241556735	-0.893599437653803	-0.27886492563758547
-0.171639219791774	-0.933286054446008	-0.27886492563758547
-0.067217638510392	-0.896957050944893	-0.415415013001886
-0.036444697139333	-0.943417483306134	-0.27886492563758547
0.104421581281382	-0.943417483306134	-0.27886492563758547
0.2001513845606585	-0.8769205126036935	-0.415415013001886
0.23659608169999152	-0.9132495161048084	-0.27886492563758547
0.3717562860638905	-0.873562899312604	-0.27886492563758547
0.44973607876361055	-0.7789657384153714	-0.415415013001886
0.489166479848233	-0.8057760923256074	-0.27886492563758547
0.6076707342264405	-0.7296180324083039	-0.27886492563758547
0.6593597487341415	-0.6117964399340055	-0.415415013001886
0.699884210412629	-0.6302355409139344	-0.27886492563758547
0.792132004887359	-0.5237759109566109	-0.27886492563758547
0.8103964114770466	-0.39026634294004797	-0.415415013001886
0.8509551914440755	-0.401628305457023	-0.27886492563758547
0.9094731583257445	-0.273491831539023	-0.27886492563758547
0.8894257966941406	-0.13405936872023	-0.415415013001886
0.9296793569861219	-0.139432462818793	-0.27886492563758547
0.730232532411883	0.136504117729982	-0.654860733945285
0.8326907848543881	0.0	-0.5351378734735854
0.8071737429120129	0.136504117729982	-0.5351378734735854
0.7869675442516355	0.270563486450212	-0.5351378734735854
0.6316105825515115	0.391076715695084	-0.654860733945285
0.713862636333639	0.388631966685332	-0.5351378734735854
0.6550394497769225	0.51077957218492	-0.5351378734735854
0.5628259735907339	0.6101620636792895	-0.5351378734735854
0.4476861236425005	0.5928322361746745	-0.654860733945285
0.4520064225997195	0.69384910392376	-0.5351378734735854
0.334596228815377	0.7616359109107564	-0.5351378734735854
0.203299173021121	0.7145224781620525	-0.654860733945285
0.20102882918501203	0.7996391126536639	-0.5351378734735854
0.06885432876640249	0.8298070798549895	-0.5351378734735854
-0.068544457436367	0.7397125001679146	-0.654860733945285
-0.06942190206072049	0.816993900117944	-0.5351378734735854
-0.2046164247131615	0.8068624712578181	-0.5351378734735854
-0.33113077909912303	0.665000250137638	-0.654860733945285
-0.3289265155487945	0.744963400964587	-0.5351378734735854
-0.45512843380600754	0.695432797958274	-0.5351378734735854
-0.561124153402843	0.6109040322443571	-0.5351378734735854
-0.5489960541855545	0.50047603143268	-0.654860733945285
-0.6546793376536415	0.50827888383263	-0.5351378734735854
-0.731050673749366	0.3962627071931685	-0.5351378734735854
-0.692716370062074	0.268359751449313	-0.654860733945285
-0.7812158053750871	0.26677157562152853	-0.5351378734735854
-0.8211768296075079	0.137221116925833	-0.5351378734735854
-0.742881501687795	0.0	-0.654860733945285
-0.8211768296075079	-0.0016475029518399908	-0.5351378734735854
-0.8211768296075079	-0.137221116925833	-0.5351378734735854
-0.692716370062074	-0.268359751449313	-0.654860733945285
-0.7710116979817869	-0.266712248497473	-0.5351378734735854
-0.731050673749366	-0.3962627071931685	-0.5351378734735854
-0.5489960541855545	-0.5004760314326795	-0.654860733945285
-0.6374954894985675	-0.498887855604895	-0.5351378734735854
-0.561124153402843	-0.6109040322443565	-0.5351378734735854
-0.45512843380600754	-0.695432797958274	-0.5351378734735854
-0.33113077909912303	-0.6650002501376375	-0.654860733945285
-0.3308183429703745	-0.7573318682515056	-0.5351378734735854
-0.2046164247131615	-0.8068624712578181	-0.5351378734735854
-0.06854445743636702	-0.7397125001679146	-0.654860733945285
-0.0663401938860385	-0.8196756509948635	-0.5351378734735854
0.06885432876640249	-0.8298070798549895	-0.5351378734735854
0.203299173021121	-0.7145224781620525	-0.654860733945285
0.2024217283967675	-0.791803878112082	-0.5351378734735854
0.334596228815377	-0.7616359109107564	-0.5351378734735854
0.4476861236425005	-0.5928322361746745	-0.654860733945285
0.44541577980639147	-0.677948870666286	-0.5351378734735854
0.5628259735907339	-0.6101620636792895	-0.5351378734735854
0.6550394497769225	-0.51077957218492	-0.5351378734735854
0.6316105825515115	-0.391076715695084	-0.654860733945285
0.7281443576949189	-0.3927110919498	-0.5351378734735854
0.7869675442516355	-0.270563486450212	-0.5351378734735854
0.730232532411883	-0.136504117729982	-0.654860733945285
0.8124845861940105	-0.13405936872023	-0.5351378734735854
0.5044247498474654	0.1351602043638995	-0.841253532831181
0.648195195904928	0.0	-0.748057133388233
0.6119791282967955	0.1351602043638995	-0.748057133388233
0.5864620863544205	0.27166432209388147	-0.748057133388233
0.5133571784364239	0.38973280232900154	-0.748057133388233
0.369264545483566	0.369264545483566	-0.841253532831181
0.41441304168065696	0.4886769390847685	-0.748057133388233
0.3035934906896425	0.572363979329239	-0.748057133388233
0.1351602043638995	0.5044247498474654	-0.841253532831181
0.168433286325743	0.6085800469373714	-0.748057133388233
0.034865886695378	0.6465832486802789	-0.748057133388233
-0.1351602043638995	0.5044247498474654	-0.841253532831181
-0.10029431766852151	0.6103671810721465	-0.748057133388233
-0.23857054849564452	0.5975540013351011	-0.748057133388233
-0.3628806393312775	0.53565493104187	-0.748057133388233
-0.369264545483566	0.369264545483566	-0.841253532831181
-0.46182477608704453	0.43671079428610304	-0.748057133388233
-0.555379960337843	0.334085645874376	-0.748057133388233
-0.5044247498474654	0.1351602043638995	-0.841253532831181
-0.5915960279459755	0.1989254415104765	-0.748057133388233
-0.6417611595716965	0.0694343099388365	-0.748057133388233
-0.6417611595716965	-0.0694343099388365	-0.748057133388233
-0.5044247498474654	-0.1351602043638995	-0.841253532831181
-0.605545091963564	-0.204594514302736	-0.748057133388233
-0.555379960337843	-0.334085645874376	-0.748057133388233
-0.369264545483566	-0.369264545483566	-0.841253532831181
-0.456435823582076	-0.433029782630143	-0.748057133388233
-0.3628806393312775	-0.5356549310418695	-0.748057133388233
-0.23857054849564452	-0.5975540013351011	-0.748057133388233
-0.1351602043638995	-0.5044247498474654	-0.841253532831181
-0.103410344131745	-0.6337700689432335	-0.748057133388233
0.034865886695378	-0.6465832486802789	-0.748057133388233
0.1351602043638995	-0.5044247498474654	-0.841253532831181
0.1700260910592775	-0.6103671810721465	-0.748057133388233
0.3035934906896425	-0.572363979329239	-0.748057133388233
0.369264545483566	-0.369264545483566	-0.841253532831181
0.4025376274454095	-0.473419842573472	-0.748057133388233
0.5133571784364239	-0.38973280232900154	-0.748057133388233
0.5864620863544205	-0.27166432209388147	-0.748057133388233
0.5044247498474654	-0.1351602043638995	-0.841253532831181
0.622678153962553	-0.136504117729982	-0.748057133388233
0.22869496644182352	0.1101336912874215	-0.959492973614497
0.41118668714851403	0.0	-0.900373253222839
0.3581490967489075	0.1101336912874215	-0.900373253222839
0.32193302914077504	0.24529389565132098	-0.900373253222839
0.22298889238500802	0.344238032407088	-0.900373253222839
0.05648299218398101	0.24746815800495248	-0.959492973614497
0.10381450852677201	0.3714388078371975	-0.900373253222839
-0.0313456958371275	0.40765487544532997	-0.900373253222839
-0.166505900201027	0.3714388078371975	-0.900373253222839
-0.15826182723146598	0.19845405431428598	-0.959492973614497
-0.26207633575823797	0.2952239287164215	-0.900373253222839
-0.361020472514005	0.19627979196065448	-0.900373253222839
-0.253832262788677	4.996003610813204e-16	-0.959492973614497
-0.361020472514005	0.074040616767145	-0.900373253222839
-0.3972365401221375	-0.0611195875967545	-0.900373253222839
-0.361020472514005	-0.19627979196065398	-0.900373253222839
-0.15826182723146598	-0.1984540543142855	-0.959492973614497
-0.26545003695679403	-0.2724946710814305	-0.900373253222839
-0.166505900201027	-0.3714388078371975	-0.900373253222839
-0.0313456958371275	-0.40765487544532997	-0.900373253222839
0.05648299218398101	-0.24746815800495248	-0.959492973614497
0.0878286880211085	-0.3804541000152205	-0.900373253222839
0.22298889238500802	-0.344238032407088	-0.900373253222839
0.32193302914077504	-0.24529389565132098	-0.900373253222839
0.22869496644182352	-0.1101336912874215	-0.959492973614497
0.37497061954038147	-0.1351602043638995	-0.900373253222839
0.140866278420715	0.0	-0.9797464868072485
0.0878286880211085	0.1101336912874215	-0.9797464868072485
-0.0313456958371275	0.137334466717531	-0.9797464868072485
-0.1269161313943385	0.061119587596755	-0.9797464868072485
-0.1269161313943385	-0.0611195875967545	-0.9797464868072485
-0.0313456958371275	-0.137334466717531	-0.9797464868072485
0.0878286880211085	-0.1101336912874215	-0.9797464868072485
1	161	162
2	163	161
3	162	163
163	162	161
1	162	164
3	165	162
4	164	165
165	164	162
1	164	166
4	167	164
5	166	167
167	166	164
1	166	168
5	169	166
6	168	169
169	168	166
1	168	170
6	171	168
7	170	171
171	170	168
1	170	172
7	173	170
8	172	173
173	172	170
1	172	161
8	174	172
2	161	174
174	161	172
3	163	175
2	176	163
9	175	176
176	175	163
3	175	177
9	178	175
10	177	178
178	177	175
3	177	179
10	180	177
11	179	180
180	179	177
4	165	181
3	179	165
11	181	179
179	181	165
4	181	182
11	183	181
12	182	183
183	182	181
4	182	184
12	185	182
13	184	185
185	184	182
5	167	186
4	184	167
13	186	184
184	186	167
5	186	187
13	188	186
14	187	188
188	187	186
6	169	189
5	187	169
14	189	187
187	189	169
6	189	190
14	191	189
15	190	191
191	190	189
6	190	192
15	193	190
16	192	193
193	192	190
7	171	194
6	192	171
16	194	192
192	194	171
7	194	195
16	196	194
17	195	196
196	195	194
7	195	197
17	198	195
18	197	198
198	197	195
8	173	199
7	197	173
18	199	197
197	199	173
8	199	200
18	201	199
19	200	201
201	200	199
8	200	202
19	203	200
20	202	203
203	202	200
2	174	204
8	202	174
20	204	202
202	204	174
2	204	176
20	205	204
9	176	205
205	176	204
10	178	206
9	207	178
21	206	207
207	206	178
10	206	208
21	209	206
22	208	209
209	208	206
10	208	210
22	211	208
23	210	211
211	210	208
11	180	212
10	210	180
23	212	210
210	212	180
11	212	213
23	214	212
24	213	214
214	213	212
12	183	215
11	213	183
24	215	213
213	215	183
12	215	216
24	217	215
25	216	217
217	216	215
13	185	218
12	216	185
25	218	216
216	218	185
13	218	219
25	220	218
26	219	220
220	219	218
13	219	221
26	222	219
27	221	222
222	221	219
14	188	223
13	221	188
27	223	221
221	223	188
14	223	224
27	225	223
28	224	225
225	224	223
15	191	226
14	224	191
28	226	224
224	226	191
15	226	227
28	228	226
29	227	228
228	227	226
15	227	229
29	230	227
30	229	230
230	229	227
16	193	231
15	229	193
30	231	229
229	231	193
16	231	232
30	233	231
31	232	233
233	232	231
17	196	234
16	232	196
31	234	232
232	234	196
17	234	235
31	236	234
32	235	236
236	235	234
17	235	237
32	238	235
33	237	238
238	237	235
18	198	239
17	237	198
33	239	237
237	239	198
18	239	240
33	241	239
34	240	241
241	240	239
19	201	242
18	240	201
34	242	240
240	242	201
19	242	243
34	244	242
35	243	244
244	243	242
20	203	245
19	243	203
35	245	243
243	245	203
20	245	246
35	247	245
36	246	247
247	246	245
20	246	248
36	249	246
37	248	249
249	248	246
9	205	250
20	248	205
37	250	248
248	250	205
9	250	207
37	251	250
21	207	251
251	207	250
22	209	252
21	253	209
38	252	253
253	252	209
22	252	254
38	255	252
39	254	255
255	254	252
23	211	256
22	254	211
39	256	254
254	256	211
23	256	257
39	258	256
40	257	258
258	257	256
23	257	259
40	260	257
41	259	260
260	259	257
24	214	261
23	259	214
41	261	259
259	261	214
24	261	262
41	263	261
42	262	263
263	262	261
25	217	264
24	262	217
42	264	262
262	264	217
25	264	265
42	266	264
43	265	266
266	265	264
26	220	267
25	265	220
43	267	265
265	267	220
26	267	268
43	269	267
44	268	269
269	268	267
27	222	270
26	268	222
44	270	268
268	270	222
27	270	271
44	272	270
45	271	272
272	271	270
27	271	273
45	274	271
46	273	274
274	273	271
28	225	275
27	273	225
46	275	273
273	275	225
28	275	276
46	277	275
47	276	277
277	276	275
29	228	278
28	276	228
47	278	276
276	278	228
29	278	279
47	280	278
48	279	280
280	279	278
30	230	281
29	279	230
48	281	279
279	281	230
30	281	282
48	283	281
49	282	283
283	282	281
31	233	284
30	282	233
49	284	282
282	284	233
31	284	285
49	286	284
50	285	286
286	285	284
32	236	287
31	285	236
50	287	285
285	287	236
32	287	288
50	289	287
51	288	289
289	288	287
32	288	290
51	291	288
52	290	291
291	290	288
33	238	292
32	290	238
52	292	290
290	292	238
33	292	293
52	294	292
53	293	294
294	293	292
34	241	295
33	293	241
53	295	293
293	295	241
34	295	296
53	297	295
54	296	297
297	296	295
35	244	298
34	296	244
54	298	296
296	298	244
35	298	299
54	300	298
55	299	300
300	299	298
36	247	301
35	299	247
55	301	299
299	301	247
36	301	302
55	303	301
56	302	303
303	302	301
36	302	304
56	305	302
57	304	305
305	304	302
37	249	306
36	304	249
57	306	304
304	306	249
37	306	307
57	308	306
58	307	308
308	307	306
21	251	309
37	307	251
58	309	307
307	309	251
21	309	253
58	310	309
38	253	310
310	253	309
39	255	311
38	312	255
59	311	312
312	311	255
39	311	313
59	314	311
60	313	314
314	313	311
40	258	315
39	313	258
60	315	313
313	315	258
40	315	316
60	317	315
61	316	317
317	316	315
41	260	318
40	316	260
61	318	316
316	318	260
41	318	319
61	320	318
62	319	320
320	319	318
42	263	321
41	319	263
62	321	319
319	321	263
42	321	322
62	323	321
63	322	323
323	322	321
43	266	324
42	322	266
63	324	322
322	324	266
43	324	325
63	326	324
64	325	326
326	325	324
44	269	327
43	325	269
64	327	325
325	327	269
44	327	328
64	329	327
65	328	329
329	328	327
45	272	330
44	328	272
65	330	328
328	330	272
45	330	331
65	332	330
66	331	332
332	331	330
46	274	333
45	331	274
66	333	331
331	333	274
46	333	334
66	335	333
67	334	335
335	334	333
47	277	336
46	334	277
67	336	334
334	336	277
47	336	337
67	338	336
68	337	338
338	337	336
48	280	339
47	337	280
68	339	337
337	339	280
48	339	340
68	341	339
69	340	341
341	340	339
49	283	342
48	340	283
69	342	340
340	342	283
49	342	343
69	344	342
70	343	344
344	343	342
49	343	345
70	346	343
71	345	346
346	345	343
50	286	347
49	345	286
71	347	345
345	347	286
50	347	348
71	349	347
72	348	349
349	348	347
51	289	350
50	348	289
72	350	348
348	350	289
51	350	351
72	352	350
73	351	352
352	351	350
52	291	353
51	351	291
73	353	351
351	353	291
52	353	354
73	355	353
74	354	355
355	354	353
53	294	356
52	354	294
74	356	354
354	356	294
53	356	357
74	358	356
75	357	358
358	357	356
54	297	359
53	357	297
75	359	357
357	359	297
54	359	360
75	361	359
76	360	361
361	360	359
55	300	362
54	360	300
76	362	360
360	362	300
55	362	363
76	364	362
77	363	364
364	363	362
56	303	365
55	363	303
77	365	363
363	365	303
56	365	366
77	367	365
78	366	367
367	366	365
57	305	368
56	366	305
78	368	366
366	368	305
57	368	369
78	370	368
79	369	370
370	369	368
58	308	371
57	369	308
79	371	369
369	371	308
58	371	372
79	373	371
80	372	373
373	372	371
38	310	374
58	372	310
80	374	372
372	374	310
38	374	312
80	375	374
59	312	375
375	312	374
81	376	377
82	378	376
59	377	378
378	377	376
59	378	314
82	379	378
60	314	379
379	314	378
82	380	379
83	381	380
60	379	381
381	379	380
60	381	317
83	382	381
61	317	382
382	317	381
83	383	382
84	384	383
61	382	384
384	382	383
61	384	320
84	385	384
62	320	385
385	320	384
84	386	385
85	387	386
62	385	387
387	385	386
62	387	323
85	388	387
63	323	388
388	323	387
85	389	388
86	390	389
63	388	390
390	388	389
63	390	326
86	391	390
64	326	391
391	326	390
86	392	391
87	393	392
64	391	393
393	391	392
64	393	329
87	394	393
65	329	394
394	329	393
87	395	394
88	396	395
65	394	396
396	394	395
65	396	332
88	397	396
66	332	397
397	332	396
88	398	397
89	399	398
66	397	399
399	397	398
66	399	335
89	400	399
67	335	400
400	335	399
89	401	400
90	402	401
67	400	402
402	400	401
67	402	338
90	403	402
68	338	403
403	338	402
90	404	403
91	405	404
68	403	405
405	403	404
68	405	341
91	406	405
69	341	406
406	341	405
91	407	406
92	408	407
69	406	408
408	406	407
69	408	344
92	409	408
70	344	409
409	344	408
92	410	409
93	411	410
70	409	411
411	409	410
70	411	346
93	412	411
71	346	412
412	346	411
93	413	412
94	414	413
71	412	414
414	412	413
71	414	349
94	415	414
72	349	415
415	349	414
94	416	415
95	417	416
72	415	417
417	415	416
72	417	352
95	418	417
73	352	418
418	352	417
95	419	418
96	420	419
73	418	420
420	418	419
73	420	355
96	421	420
74	355	421
421	355	420
96	422	421
97	423	422
74	421	423
423	421	422
74	423	358
97	424	423
75	358	424
424	358	423
97	425	424
98	426	425
75	424	426
426	424	425
75	426	361
98	427	426
76	361	427
427	361	426
98	428	427
99	429	428
76	427	429
429	427	428
76	429	364
99	430	429
77	364	430
430	364	429
99	431	430
100	432	431
77	430	432
432	430	431
77	432	367
100	433	432
78	367	433
433	367	432
100	434	433
101	435	434
78	433	435
435	433	434
78	435	370
101	436	435
79	370	436
436	370	435
101	437	436
102	438	437
79	436	438
438	436	437
79	438	373
102	439	438
80	373	439
439	373	438
102	440	439
81	441	440
80	439	441
441	439	440
80	441	375
81	377	441
59	375	377
377	375	441
103	442	443
104	444	442
81	443	444
444	443	442
81	444	376
104	445	444
82	376	445
445	376	444
104	446	445
105	447	446
82	445	447
447	445	446
82	447	380
105	448	447
83	380	448
448	380	447
105	449	448
106	450	449
83	448	450
450	448	449
83	450	383
106	451	450
84	383	451
451	383	450
106	452	451
107	453	452
84	451	453
453	451	452
84	453	386
107	454	453
85	386	454
454	386	453
107	455	454
108	456	455
85	454	456
456	454	455
85	456	389
108	457	456
86	389	457
457	389	456
108	458	457
109	459	458
86	457	459
459	457	458
86	459	392
109	460	459
87	392	460
460	392	459
109	461	460
110	462	461
87	460	462
462	460	461
87	462	395
110	463	462
88	395	463
463	395	462
110	464	463
111	465	464
88	463	465
465	463	464
88	465	398
111	466	465
89	398	466
466	398	465
111	467	466
112	468	467
89	466	468
468	466	467
89	468	401
112	469	468
90	401	469
469	401	468
112	470	469
113	471	470
90	469	471
471	469	470
90	471	404
113	472	471
91	404	472
472	404	471
113	473	472
114	474	473
91	472	474
474	472	473
91	474	407
114	475	474
92	407	475
475	407	474
92	475	410
114	476	475
93	410	476
476	410	475
114	477	476
115	478	477
93	476	478
478	476	477
93	478	413
115	479	478
94	413	479
479	413	478
115	480	479
116	481	480
94	479	481
481	479	480
94	481	416
116	482	481
95	416	482
482	416	481
116	483	482
117	484	483
95	482	484
484	482	483
95	484	419
117	485	484
96	419	485
485	419	484
117	486	485
118	487	486
96	485	487
487	485	486
96	487	422
118	488	487
97	422	488
488	422	487
118	489	488
119	490	489
97	488	490
490	488	489
97	490	425
119	491	490
98	425	491
491	425	490
119	492	491
120	493	492
98	491	493
493	491	492
98	493	428
120	494	493
99	428	494
494	428	493
120	495	494
121	496	495
99	494	496
496	494	495
99	496	431
121	497	496
100	431	497
497	431	496
121	498	497
122	499	498
100	497	499
499	497	498
100	499	434
122	500	499
101	434	500
500	434	499
122	501	500
123	502	501
101	500	502
502	500	501
101	502	437
123	503	502
102	437	503
503	437	502
123	504	503
103	505	504
102	503	505
505	503	504
102	505	440
103	443	505
81	440	443
443	440	505
124	506	507
125	508	506
103	507	508
508	507	506
103	508	442
125	509	508
104	442	509
509	442	508
125	510	509
126	511	510
104	509	511
511	509	510
104	511	446
126	512	511
105	446	512
512	446	511
105	512	449
126	513	512
106	449	513
513	449	512
126	514	513
127	515	514
106	513	515
515	513	514
106	515	452
127	516	515
107	452	516
516	452	515
127	517	516
128	518	517
107	516	518
518	516	517
107	518	455
128	519	518
108	455	519
519	455	518
128	520	519
129	521	520
108	519	521
521	519	520
108	521	458
129	522	521
109	458	522
522	458	521
129	523	522
130	524	523
109	522	524
524	522	523
109	524	461
130	525	524
110	461	525
525	461	524
110	525	464
130	526	525
111	464	526
526	464	525
130	527	526
131	528	527
111	526	528
528	526	527
111	528	467
131	529	528
112	467	529
529	467	528
131	530	529
132	531	530
112	529	531
531	529	530
112	531	470
132	532	531
113	470	532
532	470	531
132	533	532
133	534	533
113	532	534
534	532	533
113	534	473
133	535	534
114	473	535
535	473	534
133	536	535
134	537	536
114	535	537
537	535	536
114	537	477
134	538	537
115	477	538
538	477	537
134	539	538
135	540	539
115	538	540
540	538	539
115	540	480
135	541	540
116	480	541
541	480	540
116	541	483
135	542	541
117	483	542
542	483	541
135	543	542
136	544	543
117	542	544
544	542	543
117	544	486
136	545	544
118	486	545
545	486	544
136	546	545
137	547	546
118	545	547
547	545	546
118	547	489
137	548	547
119	489	548
548	489	547
137	549	548
138	550	549
119	548	550
550	548	549
119	550	492
138	551	550
120	492	551
551	492	550
138	552	551
139	553	552
120	551	553
553	551	552
120	553	495
139	554	553
121	495	554
554	495	553
121	554	498
139	555	554
122	498	555
555	498	554
139	556	555
140	557	556
122	555	557
557	555	556
122	557	501
140	558	557
123	501	558
558	501	557
140	559	558
124	560	559
123	558	560
560	558	559
123	560	504
124	507	560
103	504	507
507	504	560
141	561	562
142	563	561
124	562	563
563	562	561
124	563	506
142	564	563
125	506	564
564	506	563
125	564	510
142	565	564
126	510	565
565	510	564
142	566	565
143	567	566
126	565	567
567	565	566
126	567	514
143	568	567
127	514	568
568	514	567
143	569	568
144	570	569
127	568	570
570	568	569
127	570	517
144	571	570
128	517	571
571	517	570
144	572	571
145	573	572
128	571	573
573	571	572
128	573	520
145	574	573
129	520	574
574	520	573
129	574	523
145	575	574
130	523	575
575	523	574
145	576	575
146	577	576
130	575	577
577	575	576
130	577	527
146	578	577
131	527	578
578	527	577
146	579	578
147	580	579
131	578	580
580	578	579
131	580	530
147	581	580
132	530	581
581	530	580
132	581	533
147	582	581
133	533	582
582	533	581
147	583	582
148	584	583
133	582	584
584	582	583
133	584	536
148	585	584
134	536	585
585	536	584
148	586	585
149	587	586
134	585	587
587	585	586
134	587	539
149	588	587
135	539	588
588	539	587
135	588	543
149	589	588
136	543	589
589	543	588
149	590	589
150	591	590
136	589	591
591	589	590
136	591	546
150	592	591
137	546	592
592	546	591
150	593	592
151	594	593
137	592	594
594	592	593
137	594	549
151	595	594
138	549	595
595	549	594
151	596	595
152	597	596
138	595	597
597	595	596
138	597	552
152	598	597
139	552	598
598	552	597
139	598	556
152	599	598
140	556	599
599	556	598
152	600	599
141	601	600
140	599	601
601	599	600
140	601	559
141	562	601
124	559	562
562	559	601
153	602	603
154	604	602
141	603	604
604	603	602
141	604	561
154	605	604
142	561	605
605	561	604
142	605	566
154	606	605
143	566	606
606	566	605
154	607	606
155	608	607
143	606	608
608	606	607
143	608	569
155	609	608
144	569	609
609	569	608
144	609	572
155	610	609
145	572	610
610	572	609
155	611	610
156	612	611
145	610	612
612	610	611
145	612	576
156	613	612
146	576	613
613	576	612
156	614	613
157	615	614
146	613	615
615	613	614
146	615	579
157	616	615
147	579	616
616	579	615
147	616	583
157	617	616
148	583	617
617	583	616
157	618	617
158	619	618
148	617	619
619	617	618
148	619	586
158	620	619
149	586	620
620	586	619
149	620	590
158	621	620
150	590	621
621	590	620
158	622	621
159	623	622
150	621	623
623	621	622
150	623	593
159	624	623
151	593	624
624	593	623
151	624	596
159	625	624
152	596	625
625	596	624
159	626	625
153	627	626
152	625	627
627	625	626
152	627	600
153	603	627
141	600	603
603	600	627
153	628	602
160	629	628
154	602	629
629	602	628
154	629	607
160	630	629
155	607	630
630	607	629
155	630	611
160	631	630
156	611	631
631	611	630
156	631	614
160	632	631
157	614	632
632	614	631
157	632	618
160	633	632
158	618	633
633	618	632
158	633	622
160	634	633
159	622	634
634	622	633
159	634	626
160	628	634
153	626	628
628	626	634
